dim: 1
dims: 3
type: DOUBLE
at0: 1249650.000000000000000000
at1: 3000.000000000000000000
at2: 0.000000000000000000
at3: 1288800.000000000000000000
at4: 0.000000000000000000
at5: -3000.000000000000000000
rows: 14
cols: 23
proj:
desc: gpat_gridhis|-i|Augusta2011.tif|-o|Augusta2011_grid100|-z|100|-f|100|-n|none|-s|ent
