dim: 1
dims: 3
type: DOUBLE
at0: 1249650.000000000000000000
at1: 3000.000000000000000000
at2: 0.000000000000000000
at3: 1288800.000000000000000000
at4: 0.000000000000000000
at5: -3000.000000000000000000
rows: 14
cols: 23
proj: PROJCS["Albers Equal Area",GEOGCS["NAD83",DATUM["North_American_Datum_1983",SPHEROID["GRS 1980",6378137,298.2572221010042,AUTHORITY["EPSG","7019"]],AUTHORITY["EPSG","6269"]],PRIMEM["Greenwich",0],UNIT["degree",0.0174532925199433],AUTHORITY["EPSG","4269"]],PROJECTION["Albers_Conic_Equal_Area"],PARAMETER["standard_parallel_1",29.5],PARAMETER["standard_parallel_2",45.5],PARAMETER["latitude_of_center",23],PARAMETER["longitude_of_center",-96],PARAMETER["false_easting",0],PARAMETER["false_northing",0],UNIT["metre",1,AUTHORITY["EPSG","9001"]]]
desc: gpat_gridhis|-i|Augusta2011.tif|-o|Augusta2011_grid100|-z|100|-f|100|-n|none|-s|ent
